Initial dataset
SET 3.x

Number of molecules per record
2

Train Intervals
[(0, 5), (7, 9)]

Test Intervals
[(5, 7), (9, 14.0)]

Train records number
816

Train Grid
[(2.6, 2.8), (2.8, 3.0), (4.0, 4.2), (4.2, 4.4), (4.4, 4.6), (4.6, 4.8), (4.8, 5.0), (7.0, 7.2), (7.2, 7.4), (7.4, 7.6), (7.6, 7.8), (7.8, 8.0), (8.0, 8.2), (8.2, 8.4), (8.4, 8.6), (8.6, 8.8), (8.8, 9.0)]

Test Grid
[(2.6, 2.8), (2.8, 3.0), (4.0, 4.2), (4.2, 4.4), (4.4, 4.6), (4.6, 4.8), (4.8, 5.0), (5.0, 5.2), (5.2, 5.4), (5.4, 5.6), (5.6, 5.8), (5.8, 6.0), (6.0, 6.2), (6.2, 6.4), (6.4, 6.6), (6.6, 6.8), (6.8, 7.0), (7.0, 7.2), (7.2, 7.4), (7.4, 7.6), (7.6, 7.8), (7.8, 8.0), (8.0, 8.2), (8.2, 8.4), (8.4, 8.6), (8.6, 8.8), (8.8, 9.0), (9.0, 9.2), (9.2, 9.4), (9.4, 9.6), (9.6, 9.8), (9.8, 10.0), (10.0, 10.2), (10.2, 10.4), (10.4, 10.6), (10.6, 10.8), (10.8, 11.0), (11.0, 11.2), (11.2, 11.4), (11.4, 11.6), (11.6, 11.8), (11.8, 12.0), (12.0, 12.2), (12.2, 12.4), (12.4, 12.6), (12.6, 12.8), (12.8, 13.0), (13.0, 13.2), (13.2, 13.4), (13.4, 13.6), (13.6, 13.8), (13.8, 14.0)]

Test records number
1248

Molecule prototypes
[<project1.structure.Molecule object at 0x000000001F5FC128>, <project1.structure.Molecule object at 0x000000001F5FCA20>]

Max points per grid
121

Train points per grid
48

Train Fraction Used
0.5

Test points per grid
24

Confidence Interval used
0.9

Training Set
Training Set.x

Test Set
Test Set.x

